rho	TG.26.0.18.1.18.2.	DG.22.1.18.2.	DG.18.1.22.1.	TG.18.1.22.1.24.1.	TG.18.1.18.2.22.1.	TG.18.1.18.2.22.0.	TG.22.1.18.2.22.1.	SM.d34.1.	TG.18.1.22.1.24.0.	TG.24.4.16.0.18.1.	F_OTU315..Streptococcus.	F_OTU624..Halomonas.	F_OTU920..Rothia.	F_OTU953..Streptococcus.	T_OTU110..Neisseria.	T_OTU153..Neisseria.	T_OTU181..Granulicatella.	T_OTU1343..Actinomyces.	T_OTU1412..Prevotella.	T_OTU1500..Streptococcus.	T_OTU1583..Leptotrichia.	T_OTU1612..Leptotrichia.	T_OTU1645..Prevotella.	T_OTU1801..Fusobacterium.	T_OTU2079..Neisseria.	T_OTU2136..Streptococcus.	T_OTU2149..Campylobacter.	T_OTU2186..Haemophilus.	T_OTU2280..Veillonella.	T_OTU2428..Lachnoanaerobaculum.	T_OTU2429..Actinobacteria_unclassified.	T_OTU2580..Actinomyces.	T_OTU2613..Actinomyces.	T_OTU2672..Veillonella.	T_OTU2889..Streptococcus.	T_OTU3021..Prevotella.
TG(26:0/18:1/18:2)	1	0.8006349664477956	0.8684609279168771	0.9740962551410636	0.9350602496572624	0.9435024172018183	0.910960386752291	0.5491016667869255	0.8971787286239988	0.8222815498953748	-0.4829156271700744	-0.6113466222695786	-0.590266243746877	-0.564059613912648	0.17269157029939974	-0.0751194597258301	0.17847608052529043	-0.4288037862264894	-0.0030392358944665654	-0.16293249640795238	-0.16064114901321896	0.26488417682262394	0.3324784309598811	0.48955215689987863	0.20492188115434615	-0.10373765543376505	0.32127048037293426	0.37710182971982603	0.0227641689963788	0.35185886687904294	-0.372829138023469	-0.3781417909318613	-0.3834803471230172	0.034777589401757784	-0.21746042929744377	-0.07633890724044445
DG(22:1/18:2)	0.8006349664477956	1	0.9102388339707049	0.8108810159463165	0.8889530269139188	0.902518219207735	0.7734324265820045	0.5482358034490223	0.6855472977848329	0.8879428530196984	-0.4248707760677107	-0.5974204023701358	-0.6201136689023795	-0.5027613725752073	0.1998484211704053	-0.09867990296587893	0.2735406594992424	-0.5013183561054511	0.026990830029666648	-0.04589241262863495	-0.10006680113812201	0.2501262925670112	0.5394278153459576	0.5420260851072081	0.2327788440441428	-0.17346102643009118	0.36212526799632117	0.4497365999069861	0.22919297247859668	0.32425997083039454	-0.4527547697911692	-0.4022208073541407	-0.4328336671158943	0.17460947375986274	-0.10496776663077645	-0.3134368743407285
DG(18:1/22:1)	0.8684609279168771	0.9102388339707049	1	0.8542463381196335	0.9064146042282993	0.9354931813262141	0.7873583952666138	0.5300526733530557	0.7555379175986724	0.8502777978209106	-0.3876110226854508	-0.577902047536979	-0.5624234964003262	-0.4754051326394899	0.21581029362384208	-0.061750277980314024	0.18973230391803161	-0.4788561736031034	-0.0818178404702423	-0.14799581493919856	-0.1530603307451794	0.24828606739088346	0.4559105061335473	0.5160417465176089	0.2155306209077143	-0.23778467903947742	0.26414608705881815	0.3781482322709575	0.17493416079784596	0.28421451381863017	-0.3962193524019475	-0.3805279997665016	-0.42781896574234907	0.17540315318604394	-0.19805889012056851	-0.1510904269957379
TG(18:1/22:1/24:1)	0.9740962551410636	0.8108810159463165	0.8542463381196335	1	0.9332563677032975	0.9498520816797749	0.918464535680785	0.5556677970993578	0.9357818024388485	0.8399595930442312	-0.46388392960913577	-0.5935600253513783	-0.5818762958797831	-0.5357987364129189	0.18027526535646246	-0.09272586847265729	0.19067032253409336	-0.4311150075772133	-0.006903694780145906	-0.19381606968634194	-0.16692239843530887	0.29746698729406235	0.3588713468581753	0.5267963755449707	0.19766896724132915	-0.15383285302355054	0.35229119522325814	0.4016020825549386	0.03142249000926455	0.3494777856513164	-0.41152271746817687	-0.40764400925105043	-0.3924995941977389	7.936794261811942e-4	-0.28320807514356494	-0.10877211972114369
TG(18:1/18:2/22:1)	0.9350602496572624	0.8889530269139188	0.9064146042282993	0.9332563677032975	1	0.9765495345984558	0.8685330831950357	0.5327945739230825	0.8302907857709791	0.9119705606465113	-0.4532174119742143	-0.606512131423658	-0.6127631836028901	-0.528308337382901	0.19204804911171222	-0.06927500868953892	0.18879428530196984	-0.49445691772048955	-0.04599108621759008	-0.1505213407914033	-0.15017239997640244	0.2780183329816534	0.4479564766847463	0.5068750492929447	0.2354851552057163	-0.18185620903168387	0.3585821094236734	0.4383344203843122	0.1280349219780481	0.32371881600591124	-0.4618207443564709	-0.4503065308400739	-0.45711348024104514	0.06031963638977076	-0.22250120302751042	-0.1641863737482338
TG(18:1/18:2/22:0)	0.9435024172018183	0.902518219207735	0.9354931813262141	0.9498520816797749	0.9765495345984558	1	0.9040334800490656	0.5207446424705967	0.8574933256367703	0.8910455299805181	-0.4333820726736583	-0.6078831064396654	-0.6003638801178928	-0.4897707771559976	0.2049042178751138	-0.09298156320549503	0.16938451547730715	-0.47228363788698235	-0.01467286733156375	-0.17346754710572077	-0.15977476978258587	0.23728079918070769	0.46017675829244964	0.48825293997039865	0.20163822361163697	-0.15899608739354415	0.3339246181323904	0.4197156715434902	0.0987409358844513	0.32112127284839137	-0.4251216793161295	-0.4013530950506351	-0.40371953755869266	0.06313359071895863	-0.23610041273092763	-0.12497068746734386
TG(22:1/18:2/22:1)	0.910960386752291	0.7734324265820045	0.7873583952666138	0.918464535680785	0.8685330831950357	0.9040334800490656	1	0.4905115809221445	0.8859946605094162	0.8209827548885201	-0.4832809188699005	-0.5362677009982305	-0.6440213079572844	-0.5106859976359508	0.22801643138235256	-0.09988532099211399	0.11046973086081247	-0.42064228583174573	0.025300129267181937	-0.15485081368089718	-0.13890946997817225	0.1910947555445602	0.2954560393436438	0.4570717336628797	0.14913578707711087	-0.09963859914002965	0.3318999560908774	0.4182001919866791	-0.095277607479297	0.24857044937933	-0.3796830147948371	-0.35847364538573523	-0.36695708648212705	-0.07785273644086442	-0.21535708486331523	-0.15430127895433882
SM(d34:1)	0.5491016667869255	0.5482358034490223	0.5300526733530557	0.5556677970993578	0.5327945739230825	0.5207446424705967	0.4905115809221445	1	0.5125189407605166	0.5483801140053395	-0.4768152557829789	-0.5470551096768144	-0.4972343439462686	-0.5378613100588657	0.07785926925251063	0.05506568710755598	0.299227938523703	-0.38532393456599645	0.006621911319731788	-0.03420283582700152	0.032092130668034076	0.35541603891879114	0.4372546916081777	0.5757335465553826	0.22783531565566853	-0.21456983137591829	0.36935620385886747	0.5060980062817223	0.22890436177816717	0.38241607596820004	-0.3230025418125706	-0.2929613664710653	-0.5163879720161162	-0.035859879528368506	-0.20705250080442844	-0.24420513379516473
TG(18:1/22:1/24:0)	0.8971787286239988	0.6855472977848329	0.7555379175986724	0.9357818024388485	0.8302907857709791	0.8574933256367703	0.8859946605094162	0.5125189407605166	1	0.7839670971931597	-0.49602959919383055	-0.5553170380627532	-0.5448268800773061	-0.4643685543585458	0.21335462093869795	-0.055467493116301	0.1497582798181687	-0.3120871080149336	0.012700383108664918	-0.21957643337883043	-0.16739168718523512	0.35422530498129673	0.24939497789922357	0.5316323496713684	0.17338433508480952	-0.17208153633123793	0.2768002248182742	0.4194991744639458	0.012085573080486366	0.40914912429767514	-0.293810103712299	-0.3332376792254485	-0.31006367593478257	-0.08413001917520659	-0.3371697392467245	-0.09470209428457783
TG(24:4/16:0/18:1)	0.8222815498953748	0.8879428530196984	0.8502777978209106	0.8399595930442312	0.9119705606465113	0.8910455299805181	0.8209827548885201	0.5483801140053395	0.7839670971931597	1	-0.4193183422303543	-0.5734644178799027	-0.614173882801782	-0.48191852310037503	0.2757575974082426	-0.037240111446867875	0.2678403925247132	-0.4117585287649008	-0.11494752445893082	-0.005123209585901071	-0.049708508357573594	0.36811720091873174	0.5192535042894533	0.5641849516266718	0.2854256171739528	-0.24444564551679743	0.2843927074739479	0.5266291459918535	0.12702478452654478	0.3686346664380253	-0.3948775881662828	-0.38479425192540395	-0.43640528895748415	0.023666077435221065	-0.18177610303567696	-0.2795245053397749
F_OTU315 (Streptococcus)	-0.4829156271700744	-0.4248707760677107	-0.3876110226854508	-0.46388392960913577	-0.4532174119742143	-0.4333820726736583	-0.4832809188699005	-0.4768152557829789	-0.49602959919383055	-0.4193183422303543	1	0.572952102065006	0.7897298800601197	0.8352085887341597	-0.06610916741584262	-0.03130778905906351	-0.21431664028795963	0.0991271863187773	-0.023741878739460657	-0.06305162218468487	0.05824391419116937	-0.22044882706374208	-0.14053494258175414	-0.28538549692765647	-0.22487761016864183	-0.10389862977578643	-0.2380198480506813	-0.5160124682546061	-0.16028421531192155	-0.14890847532521306	0.04510776852555424	0.12003492490897939	0.19529968436802445	0.047230512852852	-0.00501206562915005	0.14505471740866455
F_OTU624 (Halomonas)	-0.6113466222695786	-0.5974204023701358	-0.577902047536979	-0.5935600253513783	-0.606512131423658	-0.6078831064396654	-0.5362677009982305	-0.5470551096768144	-0.5553170380627532	-0.5734644178799027	0.572952102065006	1	0.6477082346043712	0.6414176961580891	-0.026615638485959665	0.07429892407582366	-0.34898529815365203	0.23780729909096932	-0.15130032015614067	-0.057835585310585226	-0.03725497895912678	-0.38216032202579236	-0.3200831499298717	-0.4446289254086532	-0.11213351523568584	-0.06627584129791723	-0.22575388999910978	-0.3893409380283542	-0.1633926802183219	-0.3465257235821818	0.21341689109071163	0.21190639802767175	0.2547622485242662	0.10678788550369459	-0.035811898229194915	0.004148928496819459
F_OTU920 (Rothia)	-0.590266243746877	-0.6201136689023795	-0.5624234964003262	-0.5818762958797831	-0.6127631836028901	-0.6003638801178928	-0.6440213079572844	-0.4972343439462686	-0.5448268800773061	-0.614173882801782	0.7897298800601197	0.6477082346043712	1	0.7774595749090578	-0.14098457741210324	0.10872009495815388	-0.24568440258596427	0.2678484011561519	-0.03817029454208585	-0.05657850386385579	-0.022918947428593062	-0.15382553659308904	-0.2702421346815705	-0.38550594056547954	-0.21973748001909477	-0.07332662277666123	-0.3972529617469452	-0.4899916983873995	-0.059358595863477553	-0.22967996065948568	0.1737401422699462	0.25718390377941863	0.3266637811254476	0.10698653738495453	-0.007519174556887002	0.24649667670583236
F_OTU953 (Streptococcus)	-0.564059613912648	-0.5027613725752073	-0.4754051326394899	-0.5357987364129189	-0.528308337382901	-0.4897707771559976	-0.5106859976359508	-0.5378613100588657	-0.4643685543585458	-0.48191852310037503	0.8352085887341597	0.6414176961580891	0.7774595749090578	1	-0.09899145271164196	-0.023649201824345135	-0.21132333495316039	0.2705693932513595	0.03441980019131806	-0.04172338976077642	0.04873470593300997	-0.2268796590442032	-0.14773453771415007	-0.3663524449145052	-0.2509193562247986	-0.0887094517253422	-0.3366635856991088	-0.4524926426909671	-0.07804931323877864	-0.2045891409636048	0.23461964121075263	0.19745079966950102	0.3559684602457486	0.020299334597568296	-0.02091446438354992	0.11571914977035871
T_OTU110 (Neisseria)	0.17269157029939974	0.1998484211704053	0.21581029362384208	0.18027526535646246	0.19204804911171222	0.2049042178751138	0.22801643138235256	0.07785926925251063	0.21335462093869795	0.2757575974082426	-0.06610916741584262	-0.026615638485959665	-0.14098457741210324	-0.09899145271164196	1	0.18493794356902443	0.1495432439585559	-0.1829814921920185	-0.21259140504213495	-0.08710729733773197	-0.16517011432919612	0.3061004415157056	0.16799374322516197	0.27700316527245455	0.3019938828177659	0.12281548321896113	0.06311527104366274	0.3027053451732305	-0.040733806753438496	0.34906035304658956	-0.1333998337392599	-0.25810671621754744	-0.17323013796446202	-0.21132467829886709	-0.02751535154829754	-0.11917020122633411
T_OTU153 (Neisseria)	-0.0751194597258301	-0.09867990296587893	-0.061750277980314024	-0.09272586847265729	-0.06927500868953892	-0.09298156320549503	-0.09988532099211399	0.05506568710755598	-0.055467493116301	-0.037240111446867875	-0.03130778905906351	0.07429892407582366	0.10872009495815388	-0.023649201824345135	0.18493794356902443	1	-0.04847241578223999	-0.019378629911344987	-0.24941296747697	-0.05176178696690976	-0.18340580614074103	0.26316612439002	0.057507744044683874	0.2603817974037957	0.5315939319428522	-0.14986628506650573	-0.1868727137798289	0.0929401846946916	0.16572073599277756	0.15275658343747162	-0.02610536204731076	-0.060289786404579465	-0.12442977079860044	-0.10431968745765323	-0.0988056394392319	-0.06032460486537168
T_OTU181 (Granulicatella)	0.17847608052529043	0.2735406594992424	0.18973230391803161	0.19067032253409336	0.18879428530196984	0.16938451547730715	0.11046973086081247	0.299227938523703	0.1497582798181687	0.2678403925247132	-0.21431664028795963	-0.34898529815365203	-0.24568440258596427	-0.21132333495316039	0.1495432439585559	-0.04847241578223999	1	-0.03510167426411889	-0.01873860011753889	0.5735469210356995	0.1927513292485579	0.22172909230009866	0.33034530488042996	0.32238624530679066	0.2538700290300057	0.1877880164567529	0.3047839466063286	0.3383668939046664	0.0925718821627702	0.2580767357960867	0.06498490568408291	-0.022777447967020997	-0.031134440901939304	0.18171651225793978	0.4382209334829168	-0.3324494471742418
T_OTU1343 (Actinomyces)	-0.4288037862264894	-0.5013183561054511	-0.4788561736031034	-0.4311150075772133	-0.49445691772048955	-0.47228363788698235	-0.42064228583174573	-0.38532393456599645	-0.3120871080149336	-0.4117585287649008	0.0991271863187773	0.23780729909096932	0.2678484011561519	0.2705693932513595	-0.1829814921920185	-0.019378629911344987	-0.03510167426411889	1	-0.11701391968202424	0.1649693757208788	-0.04271080182391376	-0.27438879695514046	-0.20128849629865378	-0.39592523361842746	-3.9731284666851154e-4	0.20022119413306386	-0.305660309194252	-0.29876847813780727	-0.01531128906334922	-0.2734053313589623	0.8658102950609053	0.7504347823173112	0.7826954367816865	-0.009027882702446475	0.18854186799717337	0.16474377514985944
T_OTU1412 (Prevotella)	-0.0030392358944665654	0.026990830029666648	-0.0818178404702423	-0.006903694780145906	-0.04599108621759008	-0.01467286733156375	0.025300129267181937	0.006621911319731788	0.012700383108664918	-0.11494752445893082	-0.023741878739460657	-0.15130032015614067	-0.03817029454208585	0.03441980019131806	-0.21259140504213495	-0.24941296747697	-0.01873860011753889	-0.11701391968202424	1	-0.07902298427026604	-0.04569625819471415	-0.12472730938962709	-0.044294132700525846	-0.23137910692815267	-0.25042991064284553	0.23081556576202783	0.15502946445184046	0.005314397946878881	-0.09998926635536005	0.13907775632847622	-0.10196576384523645	0.018435718255136894	0.09932687807250798	-0.09894267983151167	0.11926570105863875	-0.005957599981653974
T_OTU1500 (Streptococcus)	-0.16293249640795238	-0.04589241262863495	-0.14799581493919856	-0.19381606968634194	-0.1505213407914033	-0.17346754710572077	-0.15485081368089718	-0.03420283582700152	-0.21957643337883043	-0.005123209585901071	-0.06305162218468487	-0.057835585310585226	-0.05657850386385579	-0.04172338976077642	-0.08710729733773197	-0.05176178696690976	0.5735469210356995	0.1649693757208788	-0.07902298427026604	1	0.2753741338307156	-0.005520874712101623	0.12849836627875902	-0.06633463536198736	-0.04268908820451934	0.19707712432751842	0.020608910742513403	0.231155054939366	0.05700266989368077	-0.004293316503084963	0.23474468263150544	0.25829834797283463	0.12598538847708143	0.26913918823218896	0.551422517155989	-0.18583927149067767
T_OTU1583 (Leptotrichia)	-0.16064114901321896	-0.10006680113812201	-0.1530603307451794	-0.16692239843530887	-0.15017239997640244	-0.15977476978258587	-0.13890946997817225	0.032092130668034076	-0.16739168718523512	-0.049708508357573594	0.05824391419116937	-0.03725497895912678	-0.022918947428593062	0.04873470593300997	-0.16517011432919612	-0.18340580614074103	0.1927513292485579	-0.04271080182391376	-0.04569625819471415	0.2753741338307156	1	0.0555826394721283	-0.14383665368103235	-0.14653787663903586	-0.1750582354430728	-0.14442007447926047	0.03472917191493739	0.13528298155379326	-0.2563668050559478	-0.14581982386216855	-0.01890474798375458	-0.05639872814102853	-0.01750776446915503	0.08876456964694109	0.11689588412011233	-0.08595048907434666
T_OTU1612 (Leptotrichia)	0.26488417682262394	0.2501262925670112	0.24828606739088346	0.29746698729406235	0.2780183329816534	0.23728079918070769	0.1910947555445602	0.35541603891879114	0.35422530498129673	0.36811720091873174	-0.22044882706374208	-0.38216032202579236	-0.15382553659308904	-0.2268796590442032	0.3061004415157056	0.26316612439002	0.22172909230009866	-0.27438879695514046	-0.12472730938962709	-0.005520874712101623	0.0555826394721283	1	0.18126956839477312	0.682837044146683	0.12651124191716967	-0.15419012491604078	0.040679885187336874	0.4485564778058463	0.25275122186526	0.4476357200575784	-0.36695294966361736	-0.4622681353199241	-0.380667164807952	-0.077106261402721	-0.1207058734367369	-0.09177506480464699
T_OTU1645 (Prevotella)	0.3324784309598811	0.5394278153459576	0.4559105061335473	0.3588713468581753	0.4479564766847463	0.46017675829244964	0.2954560393436438	0.4372546916081777	0.24939497789922357	0.5192535042894533	-0.14053494258175414	-0.3200831499298717	-0.2702421346815705	-0.14773453771415007	0.16799374322516197	0.057507744044683874	0.33034530488042996	-0.20128849629865378	-0.044294132700525846	0.12849836627875902	-0.14383665368103235	0.18126956839477312	1	0.43537141708022487	0.34092782146278866	-0.19065765468142623	0.2313768115942029	0.33032066772117546	0.44721724884703534	0.3241570073609338	-0.21986508420794892	-0.2118840579710145	-0.1776247353518032	-0.00853219650185128	-0.214199739701327	-0.3354370638294383
T_OTU1801 (Fusobacterium)	0.48955215689987863	0.5420260851072081	0.5160417465176089	0.5267963755449707	0.5068750492929447	0.48825293997039865	0.4570717336628797	0.5757335465553826	0.5316323496713684	0.5641849516266718	-0.28538549692765647	-0.4446289254086532	-0.38550594056547954	-0.3663524449145052	0.27700316527245455	0.2603817974037957	0.32238624530679066	-0.39592523361842746	-0.23137910692815267	-0.06633463536198736	-0.14653787663903586	0.682837044146683	0.43537141708022487	1	0.36604822789859354	-0.22303744571887904	0.2615555813527319	0.4490525249090223	0.3934319996358644	0.5623342505553317	-0.39547745073248547	-0.45388862637953337	-0.4599866742124411	-0.004330566864456405	-0.22534862410698572	-0.3013046244311683
T_OTU2079 (Neisseria)	0.20492188115434615	0.2327788440441428	0.2155306209077143	0.19766896724132915	0.2354851552057163	0.20163822361163697	0.14913578707711087	0.22783531565566853	0.17338433508480952	0.2854256171739528	-0.22487761016864183	-0.11213351523568584	-0.21973748001909477	-0.2509193562247986	0.3019938828177659	0.5315939319428522	0.2538700290300057	-3.9731284666851154e-4	-0.25042991064284553	-0.04268908820451934	-0.1750582354430728	0.12651124191716967	0.34092782146278866	0.36604822789859354	1	-0.06319204665505575	0.04321263753161142	0.12353386994222558	0.2304250613285364	0.29478413628312	-0.008886258194680344	-0.041513060992711216	-0.12472261057134515	-0.026340478354185966	-0.15603828372120893	-0.18835585915880854
T_OTU2136 (Streptococcus)	-0.10373765543376505	-0.17346102643009118	-0.23778467903947742	-0.15383285302355054	-0.18185620903168387	-0.15899608739354415	-0.09963859914002965	-0.21456983137591829	-0.17208153633123793	-0.24444564551679743	-0.10389862977578643	-0.06627584129791723	-0.07332662277666123	-0.0887094517253422	0.12281548321896113	-0.14986628506650573	0.1877880164567529	0.20022119413306386	0.23081556576202783	0.19707712432751842	-0.14442007447926047	-0.15419012491604078	-0.19065765468142623	-0.22303744571887904	-0.06319204665505575	1	0.1236687625455864	-0.042790075571101184	-0.07811573541744575	0.0876551611000469	0.23156421010151132	0.14361533714971322	0.29729446051153496	-0.013163802033010534	0.6239669799487874	0.2320654624806997
T_OTU2149 (Campylobacter)	0.32127048037293426	0.36212526799632117	0.26414608705881815	0.35229119522325814	0.3585821094236734	0.3339246181323904	0.3318999560908774	0.36935620385886747	0.2768002248182742	0.2843927074739479	-0.2380198480506813	-0.22575388999910978	-0.3972529617469452	-0.3366635856991088	0.06311527104366274	-0.1868727137798289	0.3047839466063286	-0.305660309194252	0.15502946445184046	0.020608910742513403	0.03472917191493739	0.040679885187336874	0.2313768115942029	0.2615555813527319	0.04321263753161142	0.1236687625455864	1	0.2887367850852311	0.04208252850913089	0.2135979923587326	-0.24523133689838666	-0.17623188405797102	-0.0686203435167357	0.15039804003263274	0.08206023282076626	-0.16356081879331524
T_OTU2186 (Haemophilus)	0.37710182971982603	0.4497365999069861	0.3781482322709575	0.4016020825549386	0.4383344203843122	0.4197156715434902	0.4182001919866791	0.5060980062817223	0.4194991744639458	0.5266291459918535	-0.5160124682546061	-0.3893409380283542	-0.4899916983873995	-0.4524926426909671	0.3027053451732305	0.0929401846946916	0.3383668939046664	-0.29876847813780727	0.005314397946878881	0.231155054939366	0.13528298155379326	0.4485564778058463	0.33032066772117546	0.4490525249090223	0.12353386994222558	-0.042790075571101184	0.2887367850852311	1	0.1395994971301486	0.2842014145601738	-0.26043050704814474	-0.3552709973027421	-0.3529199563020453	0.03460220153729969	0.06378043222310752	-0.24200328666985155
T_OTU2280 (Veillonella)	0.0227641689963788	0.22919297247859668	0.17493416079784596	0.03142249000926455	0.1280349219780481	0.0987409358844513	-0.095277607479297	0.22890436177816717	0.012085573080486366	0.12702478452654478	-0.16028421531192155	-0.1633926802183219	-0.059358595863477553	-0.07804931323877864	-0.040733806753438496	0.16572073599277756	0.0925718821627702	-0.01531128906334922	-0.09998926635536005	0.05700266989368077	-0.2563668050559478	0.25275122186526	0.44721724884703534	0.3934319996358644	0.2304250613285364	-0.07811573541744575	0.04208252850913089	0.1395994971301486	1	0.1515178845463758	-0.07111093902171146	-0.02277662625494198	0.007034758925367448	0.31226551226551225	-0.17355591899995296	-0.20707444221338026
T_OTU2428 (Lachnoanaerobaculum)	0.35185886687904294	0.32425997083039454	0.28421451381863017	0.3494777856513164	0.32371881600591124	0.32112127284839137	0.24857044937933	0.38241607596820004	0.40914912429767514	0.3686346664380253	-0.14890847532521306	-0.3465257235821818	-0.22967996065948568	-0.2045891409636048	0.34906035304658956	0.15275658343747162	0.2580767357960867	-0.2734053313589623	0.13907775632847622	-0.004293316503084963	-0.14581982386216855	0.4476357200575784	0.3241570073609338	0.5623342505553317	0.29478413628312	0.0876551611000469	0.2135979923587326	0.2842014145601738	0.1515178845463758	1	-0.22490464003838162	-0.2971499490853797	-0.2854359825390526	-0.08301015531933588	-0.09230977032252603	-0.08456293517082146
T_OTU2429 (Actinobacteria_unclassified)	-0.372829138023469	-0.4527547697911692	-0.3962193524019475	-0.41152271746817687	-0.4618207443564709	-0.4251216793161295	-0.3796830147948371	-0.3230025418125706	-0.293810103712299	-0.3948775881662828	0.04510776852555424	0.21341689109071163	0.1737401422699462	0.23461964121075263	-0.1333998337392599	-0.02610536204731076	0.06498490568408291	0.8658102950609053	-0.10196576384523645	0.23474468263150544	-0.01890474798375458	-0.36695294966361736	-0.21986508420794892	-0.39547745073248547	-0.008886258194680344	0.23156421010151132	-0.24523133689838666	-0.26043050704814474	-0.07111093902171146	-0.22490464003838162	1	0.8143366623027636	0.7183023395485751	0.010117262614511728	0.21785408354721952	0.16137143633840667
T_OTU2580 (Actinomyces)	-0.3781417909318613	-0.4022208073541407	-0.3805279997665016	-0.40764400925105043	-0.4503065308400739	-0.4013530950506351	-0.35847364538573523	-0.2929613664710653	-0.3332376792254485	-0.38479425192540395	0.12003492490897939	0.21190639802767175	0.25718390377941863	0.19745079966950102	-0.25810671621754744	-0.060289786404579465	-0.022777447967020997	0.7504347823173112	0.018435718255136894	0.25829834797283463	-0.05639872814102853	-0.4622681353199241	-0.2118840579710145	-0.45388862637953337	-0.041513060992711216	0.14361533714971322	-0.17623188405797102	-0.3552709973027421	-0.02277662625494198	-0.2971499490853797	0.8143366623027636	1	0.707751235344372	0.03600876150781303	0.15812403587385032	0.27104674148839175
T_OTU2613 (Actinomyces)	-0.3834803471230172	-0.4328336671158943	-0.42781896574234907	-0.3924995941977389	-0.45711348024104514	-0.40371953755869266	-0.36695708648212705	-0.5163879720161162	-0.31006367593478257	-0.43640528895748415	0.19529968436802445	0.2547622485242662	0.3266637811254476	0.3559684602457486	-0.17323013796446202	-0.12442977079860044	-0.031134440901939304	0.7826954367816865	0.09932687807250798	0.12598538847708143	-0.01750776446915503	-0.380667164807952	-0.1776247353518032	-0.4599866742124411	-0.12472261057134515	0.29729446051153496	-0.0686203435167357	-0.3529199563020453	0.007034758925367448	-0.2854359825390526	0.7183023395485751	0.707751235344372	1	0.1920669565059297	0.19791026184843286	0.3038349146794617
T_OTU2672 (Veillonella)	0.034777589401757784	0.17460947375986274	0.17540315318604394	7.936794261811942e-4	0.06031963638977076	0.06313359071895863	-0.07785273644086442	-0.035859879528368506	-0.08413001917520659	0.023666077435221065	0.047230512852852	0.10678788550369459	0.10698653738495453	0.020299334597568296	-0.21132467829886709	-0.10431968745765323	0.18171651225793978	-0.009027882702446475	-0.09894267983151167	0.26913918823218896	0.08876456964694109	-0.077106261402721	-0.00853219650185128	-0.004330566864456405	-0.026340478354185966	-0.013163802033010534	0.15039804003263274	0.03460220153729969	0.31226551226551225	-0.08301015531933588	0.010117262614511728	0.03600876150781303	0.1920669565059297	1	0.15778140484095182	-0.006782229117790155
T_OTU2889 (Streptococcus)	-0.21746042929744377	-0.10496776663077645	-0.19805889012056851	-0.28320807514356494	-0.22250120302751042	-0.23610041273092763	-0.21535708486331523	-0.20705250080442844	-0.3371697392467245	-0.18177610303567696	-0.00501206562915005	-0.035811898229194915	-0.007519174556887002	-0.02091446438354992	-0.02751535154829754	-0.0988056394392319	0.4382209334829168	0.18854186799717337	0.11926570105863875	0.551422517155989	0.11689588412011233	-0.1207058734367369	-0.214199739701327	-0.22534862410698572	-0.15603828372120893	0.6239669799487874	0.08206023282076626	0.06378043222310752	-0.17355591899995296	-0.09230977032252603	0.21785408354721952	0.15812403587385032	0.19791026184843286	0.15778140484095182	1	-0.04824912567830324
T_OTU3021 (Prevotella)	-0.07633890724044445	-0.3134368743407285	-0.1510904269957379	-0.10877211972114369	-0.1641863737482338	-0.12497068746734386	-0.15430127895433882	-0.24420513379516473	-0.09470209428457783	-0.2795245053397749	0.14505471740866455	0.004148928496819459	0.24649667670583236	0.11571914977035871	-0.11917020122633411	-0.06032460486537168	-0.3324494471742418	0.16474377514985944	-0.005957599981653974	-0.18583927149067767	-0.08595048907434666	-0.09177506480464699	-0.3354370638294383	-0.3013046244311683	-0.18835585915880854	0.2320654624806997	-0.16356081879331524	-0.24200328666985155	-0.20707444221338026	-0.08456293517082146	0.16137143633840667	0.27104674148839175	0.3038349146794617	-0.006782229117790155	-0.04824912567830324	1
